0 0.495238095238 0.320634920635 0.171428571429 0.0126984126984
1 0.488888888889 0.339682539683 0.160317460317 0.0111111111111
2 0.430158730159 0.388888888889 0.173015873016 0.00793650793651
3 0.488888888889 0.346031746032 0.150793650794 0.0142857142857
4 0.461904761905 0.366666666667 0.161904761905 0.00952380952381
5 0.469841269841 0.377777777778 0.139682539683 0.0126984126984
6 0.468253968254 0.38253968254 0.130158730159 0.0190476190476
7 0.461904761905 0.388888888889 0.12380952381 0.0253968253968
8 0.493650793651 0.385714285714 0.107936507937 0.0126984126984
9 0.498412698413 0.333333333333 0.133333333333 0.0349206349206
10 0.453968253968 0.426984126984 0.0984126984127 0.0206349206349
11 0.479365079365 0.403174603175 0.0968253968254 0.0206349206349
12 0.471428571429 0.388888888889 0.112698412698 0.0269841269841
13 0.433333333333 0.460317460317 0.0793650793651 0.0269841269841
14 0.514285714286 0.385714285714 0.0761904761905 0.0238095238095
15 0.453968253968 0.425396825397 0.0968253968254 0.0238095238095
16 0.495238095238 0.398412698413 0.0793650793651 0.0269841269841
17 0.477777777778 0.388888888889 0.0920634920635 0.0412698412698
18 0.477777777778 0.37619047619 0.103174603175 0.0428571428571
19 0.468253968254 0.392063492063 0.0888888888889 0.0507936507937
20 0.506349206349 0.322222222222 0.112698412698 0.0587301587302
21 0.466666666667 0.377777777778 0.0952380952381 0.0603174603175
22 0.465079365079 0.366666666667 0.114285714286 0.0539682539683
23 0.468253968254 0.363492063492 0.0968253968254 0.0714285714286
24 0.534920634921 0.301587301587 0.104761904762 0.0587301587302
25 0.474603174603 0.379365079365 0.0730158730159 0.0730158730159
26 0.514285714286 0.314285714286 0.0888888888889 0.0825396825397
27 0.487301587302 0.306349206349 0.125396825397 0.0809523809524
28 0.48253968254 0.336507936508 0.0873015873016 0.0936507936508
29 0.488888888889 0.311111111111 0.111111111111 0.0888888888889
30 0.506349206349 0.295238095238 0.107936507937 0.0904761904762
31 0.490476190476 0.287301587302 0.134920634921 0.0873015873016
32 0.520634920635 0.296825396825 0.0888888888889 0.0936507936508
33 0.534920634921 0.274603174603 0.0777777777778 0.112698412698
34 0.492063492063 0.31746031746 0.0984126984127 0.0920634920635
35 0.536507936508 0.27619047619 0.103174603175 0.084126984127
36 0.480952380952 0.303174603175 0.11746031746 0.0984126984127
37 0.561904761905 0.230158730159 0.114285714286 0.0936507936508
38 0.515873015873 0.246031746032 0.133333333333 0.104761904762
39 0.577777777778 0.22380952381 0.1 0.0984126984127
40 0.473015873016 0.214285714286 0.150793650794 0.161904761905
41 0.449206349206 0.215873015873 0.163492063492 0.171428571429
42 0.5 0.228571428571 0.133333333333 0.138095238095
43 0.457142857143 0.225396825397 0.165079365079 0.152380952381
44 0.519047619048 0.190476190476 0.142857142857 0.147619047619
45 0.452380952381 0.25873015873 0.15873015873 0.130158730159
46 0.473015873016 0.231746031746 0.166666666667 0.128571428571
47 0.42380952381 0.219047619048 0.22380952381 0.133333333333
48 0.479365079365 0.236507936508 0.173015873016 0.111111111111
49 0.420634920635 0.249206349206 0.214285714286 0.115873015873
50 0.422222222222 0.236507936508 0.253968253968 0.0873015873016
51 0.392063492063 0.307936507937 0.222222222222 0.0777777777778
52 0.450793650794 0.228571428571 0.253968253968 0.0666666666667
53 0.436507936508 0.263492063492 0.22380952381 0.0761904761905
54 0.412698412698 0.274603174603 0.246031746032 0.0666666666667
55 0.419047619048 0.301587301587 0.204761904762 0.0746031746032
56 0.379365079365 0.311111111111 0.250793650794 0.0587301587302
57 0.446031746032 0.285714285714 0.215873015873 0.052380952381
58 0.395238095238 0.320634920635 0.203174603175 0.0809523809524
59 0.407936507937 0.32380952381 0.201587301587 0.0666666666667
60 0.411111111111 0.322222222222 0.206349206349 0.0603174603175
61 0.407936507937 0.339682539683 0.195238095238 0.0571428571429
62 0.390476190476 0.304761904762 0.263492063492 0.0412698412698
63 0.349206349206 0.349206349206 0.24126984127 0.0603174603175
64 0.401587301587 0.347619047619 0.21746031746 0.0333333333333
65 0.409523809524 0.307936507937 0.247619047619 0.0349206349206
66 0.426984126984 0.357142857143 0.195238095238 0.0206349206349
67 0.4 0.353968253968 0.222222222222 0.0238095238095
68 0.430158730159 0.355555555556 0.195238095238 0.0190476190476
69 0.419047619048 0.377777777778 0.188888888889 0.0142857142857
70 0.419047619048 0.396825396825 0.152380952381 0.031746031746
71 0.449206349206 0.374603174603 0.15873015873 0.0174603174603
72 0.438095238095 0.380952380952 0.169841269841 0.0111111111111
73 0.35873015873 0.42380952381 0.196825396825 0.0206349206349
74 0.419047619048 0.406349206349 0.165079365079 0.00952380952381
75 0.392063492063 0.439682539683 0.149206349206 0.0190476190476
76 0.411111111111 0.44126984127 0.14126984127 0.00634920634921
77 0.466666666667 0.444444444444 0.0666666666667 0.0222222222222
78 0.507936507937 0.374603174603 0.106349206349 0.0111111111111
79 0.525396825397 0.357142857143 0.111111111111 0.00634920634921
80 0.236507936508 0.671428571429 0.0507936507937 0.0412698412698
81 0.365079365079 0.51746031746 0.0857142857143 0.031746031746
82 0.404761904762 0.468253968254 0.1 0.0269841269841
83 0.428571428571 0.452380952381 0.0714285714286 0.047619047619
84 0.4 0.480952380952 0.0952380952381 0.0238095238095
85 0.363492063492 0.498412698413 0.107936507937 0.0301587301587
86 0.411111111111 0.463492063492 0.0825396825397 0.0428571428571
87 0.401587301587 0.484126984127 0.084126984127 0.0301587301587
88 0.398412698413 0.498412698413 0.0746031746032 0.0285714285714
89 0.411111111111 0.471428571429 0.0904761904762 0.0269841269841
90 0.414285714286 0.504761904762 0.052380952381 0.0285714285714
91 0.44126984127 0.47619047619 0.0587301587302 0.0238095238095
92 0.366666666667 0.511111111111 0.084126984127 0.0380952380952
93 0.403174603175 0.501587301587 0.0507936507937 0.0444444444444
94 0.395238095238 0.514285714286 0.0587301587302 0.031746031746
95 0.385714285714 0.5 0.0714285714286 0.0428571428571
96 0.368253968254 0.526984126984 0.0587301587302 0.0460317460317
97 0.373015873016 0.531746031746 0.0539682539683 0.0412698412698
98 0.325396825397 0.534920634921 0.0825396825397 0.0571428571429
99 0.37619047619 0.52380952381 0.0587301587302 0.0412698412698
100 0.363492063492 0.515873015873 0.0777777777778 0.0428571428571
101 0.368253968254 0.519047619048 0.0555555555556 0.0571428571429
102 0.336507936508 0.544444444444 0.0634920634921 0.0555555555556
103 0.350793650794 0.54126984127 0.052380952381 0.0555555555556
104 0.363492063492 0.515873015873 0.0555555555556 0.0650793650794
105 0.333333333333 0.557142857143 0.0396825396825 0.0698412698413
106 0.315873015873 0.573015873016 0.0555555555556 0.0555555555556
107 0.296825396825 0.552380952381 0.0698412698413 0.0809523809524
108 0.353968253968 0.525396825397 0.0603174603175 0.0603174603175
109 0.28253968254 0.569841269841 0.0746031746032 0.0730158730159
110 0.255555555556 0.626984126984 0.0619047619048 0.0555555555556
111 0.292063492063 0.574603174603 0.0873015873016 0.0460317460317
112 0.361904761905 0.506349206349 0.0793650793651 0.052380952381
113 0.274603174603 0.607936507937 0.0746031746032 0.0428571428571
114 0.295238095238 0.566666666667 0.0952380952381 0.0428571428571
115 0.34126984127 0.514285714286 0.106349206349 0.0380952380952
116 0.273015873016 0.577777777778 0.112698412698 0.0365079365079
117 0.333333333333 0.507936507937 0.107936507937 0.0507936507937
118 0.288888888889 0.563492063492 0.114285714286 0.0333333333333
119 0.344444444444 0.507936507937 0.114285714286 0.0333333333333
120 0.319047619048 0.487301587302 0.15873015873 0.0349206349206
121 0.277777777778 0.536507936508 0.14126984127 0.0444444444444
122 0.334920634921 0.477777777778 0.149206349206 0.0380952380952
123 0.250793650794 0.506349206349 0.187301587302 0.0555555555556
124 0.298412698413 0.480952380952 0.171428571429 0.0492063492063
125 0.314285714286 0.449206349206 0.188888888889 0.047619047619
126 0.287301587302 0.484126984127 0.187301587302 0.0412698412698
127 0.311111111111 0.457142857143 0.198412698413 0.0333333333333
128 0.342857142857 0.4 0.207936507937 0.0492063492063
129 0.307936507937 0.398412698413 0.236507936508 0.0571428571429
130 0.352380952381 0.35873015873 0.236507936508 0.052380952381
131 0.346031746032 0.333333333333 0.28253968254 0.0380952380952
132 0.37619047619 0.285714285714 0.301587301587 0.0365079365079
133 0.350793650794 0.292063492063 0.322222222222 0.0349206349206
134 0.38253968254 0.247619047619 0.328571428571 0.0412698412698
135 0.361904761905 0.298412698413 0.312698412698 0.0269841269841
136 0.387301587302 0.257142857143 0.319047619048 0.0365079365079
137 0.344444444444 0.290476190476 0.325396825397 0.0396825396825
138 0.420634920635 0.222222222222 0.314285714286 0.0428571428571
139 0.368253968254 0.292063492063 0.3 0.0396825396825
140 0.379365079365 0.255555555556 0.328571428571 0.0365079365079
141 0.37619047619 0.27619047619 0.311111111111 0.0365079365079
142 0.38253968254 0.230158730159 0.34126984127 0.0460317460317
143 0.380952380952 0.261904761905 0.312698412698 0.0444444444444
144 0.407936507937 0.252380952381 0.292063492063 0.047619047619
145 0.380952380952 0.271428571429 0.301587301587 0.0460317460317
146 0.430158730159 0.261904761905 0.273015873016 0.0349206349206
147 0.384126984127 0.293650793651 0.288888888889 0.0333333333333
148 0.4 0.287301587302 0.25873015873 0.0539682539683
149 0.411111111111 0.269841269841 0.279365079365 0.0396825396825
150 0.434920634921 0.271428571429 0.263492063492 0.0301587301587
151 0.390476190476 0.279365079365 0.290476190476 0.0396825396825
152 0.442857142857 0.27619047619 0.236507936508 0.0444444444444
153 0.342857142857 0.346031746032 0.268253968254 0.0428571428571
154 0.438095238095 0.260317460317 0.265079365079 0.0365079365079
155 0.434920634921 0.271428571429 0.265079365079 0.0285714285714
156 0.388888888889 0.293650793651 0.268253968254 0.0492063492063
157 0.450793650794 0.279365079365 0.238095238095 0.031746031746
158 0.446031746032 0.265079365079 0.247619047619 0.0412698412698
159 0.406349206349 0.315873015873 0.253968253968 0.0238095238095
