0 0.316375198728 0.364069952305 0.244833068362 0.0747217806041
1 0.282988871224 0.448330683625 0.193958664547 0.0747217806041
2 0.314785373609 0.39586645469 0.224165341812 0.0651828298887
3 0.295707472178 0.37519872814 0.244833068362 0.0842607313196
4 0.27186009539 0.465818759936 0.158982511924 0.10333863275
5 0.305246422893 0.449920508744 0.160572337043 0.0842607313196
6 0.302066772655 0.434022257552 0.18759936407 0.0763116057234
7 0.279809220986 0.462639109698 0.178060413355 0.0794912559618
8 0.29093799682 0.39586645469 0.201907790143 0.111287758347
9 0.276629570747 0.421303656598 0.211446740859 0.0906200317965
10 0.27186009539 0.422893481717 0.209856915739 0.0953895071542
11 0.255961844197 0.410174880763 0.238473767886 0.0953895071542
12 0.262321144674 0.451510333863 0.189189189189 0.0969793322734
13 0.263910969793 0.446740858506 0.184419713831 0.10492845787
14 0.268680445151 0.432432432432 0.173290937997 0.12559618442
15 0.279809220986 0.399046104928 0.184419713831 0.136724960254
16 0.252782193959 0.391096979332 0.200317965024 0.155802861685
17 0.279809220986 0.413354531002 0.171701112878 0.135135135135
18 0.289348171701 0.386327503975 0.224165341812 0.100158982512
19 0.303656597774 0.379968203498 0.219395866455 0.0969793322734
20 0.31160572337 0.35453100159 0.244833068362 0.0890302066773
21 0.335453100159 0.343402225755 0.227344992051 0.093799682035
22 0.346581875994 0.332273449921 0.235294117647 0.0858505564388
23 0.35453100159 0.29093799682 0.273449920509 0.0810810810811
24 0.424483306836 0.244833068362 0.255961844197 0.0747217806041
25 0.402225755167 0.281399046105 0.255961844197 0.060413354531
26 0.453100158983 0.265500794913 0.219395866455 0.0620031796502
27 0.465818759936 0.24960254372 0.233704292528 0.0508744038156
28 0.451510333863 0.27027027027 0.220985691574 0.0572337042925
29 0.451510333863 0.287758346582 0.197138314785 0.0635930047695
30 0.473767885533 0.27027027027 0.193958664547 0.0620031796502
31 0.432432432432 0.300476947536 0.219395866455 0.0476947535771
32 0.459459459459 0.260731319555 0.243243243243 0.0365659777424
33 0.424483306836 0.286168521463 0.232114467409 0.0572337042925
34 0.446740858506 0.317965023847 0.206677265501 0.0286168521463
35 0.461049284579 0.306836248013 0.197138314785 0.0349761526232
36 0.475357710652 0.316375198728 0.170111287758 0.0381558028617
37 0.48012718601 0.305246422893 0.184419713831 0.0302066772655
38 0.451510333863 0.322734499205 0.192368839428 0.033386327504
39 0.496025437202 0.294117647059 0.184419713831 0.0254372019078
40 0.486486486486 0.273449920509 0.220985691574 0.0190779014308
41 0.494435612083 0.282988871224 0.201907790143 0.0206677265501
42 0.524642289348 0.278219395866 0.173290937997 0.0238473767886
43 0.488076311606 0.29252782194 0.20826709062 0.0111287758347
44 0.486486486486 0.257551669316 0.240063593005 0.0158982511924
45 0.48012718601 0.289348171701 0.213036565978 0.0174880763116
46 0.473767885533 0.303656597774 0.201907790143 0.0206677265501
47 0.473767885533 0.308426073132 0.205087440382 0.0127186009539
48 0.491255961844 0.319554848967 0.181240063593 0.00794912559618
49 0.467408585056 0.319554848967 0.200317965024 0.0127186009539
50 0.47853736089 0.31319554849 0.197138314785 0.0111287758347
51 0.489666136725 0.289348171701 0.213036565978 0.00794912559618
52 0.513513513514 0.317965023847 0.152623211447 0.0158982511924
53 0.489666136725 0.338632750397 0.158982511924 0.0127186009539
54 0.503974562798 0.308426073132 0.163751987281 0.0238473767886
55 0.488076311606 0.359300476948 0.14626391097 0.00635930047695
56 0.49920508744 0.348171701113 0.138314785374 0.0143084260731
57 0.48012718601 0.357710651828 0.152623211447 0.00953895071542
58 0.511923688394 0.365659777424 0.111287758347 0.0111287758347
59 0.491255961844 0.362480127186 0.141494435612 0.00476947535771
60 0.451510333863 0.400635930048 0.139904610493 0.00794912559618
61 0.505564387917 0.359300476948 0.122416534181 0.0127186009539
62 0.467408585056 0.360890302067 0.152623211447 0.0190779014308
63 0.494435612083 0.367249602544 0.131955484897 0.00635930047695
64 0.448330683625 0.387917329094 0.155802861685 0.00794912559618
65 0.473767885533 0.402225755167 0.108108108108 0.0158982511924
66 0.467408585056 0.408585055644 0.108108108108 0.0158982511924
67 0.465818759936 0.405405405405 0.122416534181 0.00635930047695
68 0.449920508744 0.405405405405 0.116057233704 0.0286168521463
69 0.489666136725 0.360890302067 0.130365659777 0.0190779014308
70 0.461049284579 0.392686804452 0.119236883943 0.027027027027
71 0.461049284579 0.387917329094 0.127186009539 0.0238473767886
72 0.45786963434 0.41653418124 0.093799682035 0.0317965023847
73 0.50079491256 0.362480127186 0.111287758347 0.0254372019078
74 0.391096979332 0.461049284579 0.106518282989 0.0413354531002
75 0.523052464229 0.362480127186 0.0842607313196 0.0302066772655
76 0.408585055644 0.448330683625 0.093799682035 0.0492845786963
77 0.548489666137 0.335453100159 0.0731319554849 0.0429252782194
78 0.294117647059 0.599364069952 0.0492845786963 0.0572337042925
79 0.66613672496 0.225755166932 0.093799682035 0.0143084260731
80 0.502384737679 0.356120826709 0.0922098569157 0.0492845786963
81 0.526232114467 0.317965023847 0.0731319554849 0.0826709062003
82 0.523052464229 0.305246422893 0.10492845787 0.0667726550079
83 0.496025437202 0.327503974563 0.0747217806041 0.101748807631
84 0.503974562798 0.300476947536 0.101748807631 0.093799682035
85 0.526232114467 0.267090620032 0.109697933227 0.0969793322734
86 0.548489666137 0.24960254372 0.0747217806041 0.127186009539
87 0.494435612083 0.305246422893 0.0906200317965 0.109697933227
88 0.50079491256 0.260731319555 0.112877583466 0.12559618442
89 0.511923688394 0.262321144674 0.0906200317965 0.135135135135
90 0.502384737679 0.251192368839 0.117647058824 0.128775834658
91 0.51987281399 0.281399046105 0.112877583466 0.0858505564388
92 0.491255961844 0.267090620032 0.127186009539 0.114467408585
93 0.483306836248 0.27186009539 0.138314785374 0.106518282989
94 0.524642289348 0.236883942766 0.12559618442 0.112877583466
95 0.502384737679 0.263910969793 0.128775834658 0.10492845787
96 0.496025437202 0.254372019078 0.149443561208 0.100158982512
97 0.481717011129 0.279809220986 0.135135135135 0.10333863275
98 0.448330683625 0.265500794913 0.162162162162 0.1240063593
99 0.449920508744 0.252782193959 0.189189189189 0.108108108108
100 0.443561208267 0.29093799682 0.154213036566 0.111287758347
101 0.473767885533 0.240063593005 0.178060413355 0.108108108108
102 0.465818759936 0.236883942766 0.154213036566 0.143084260731
103 0.432432432432 0.281399046105 0.170111287758 0.116057233704
104 0.484896661367 0.248012718601 0.170111287758 0.0969793322734
105 0.427662957075 0.262321144674 0.213036565978 0.0969793322734
106 0.449920508744 0.220985691574 0.222575516693 0.106518282989
107 0.429252782194 0.255961844197 0.209856915739 0.10492845787
108 0.462639109698 0.241653418124 0.211446740859 0.0842607313196
109 0.427662957075 0.259141494436 0.244833068362 0.0683624801272
110 0.434022257552 0.262321144674 0.216216216216 0.087440381558
111 0.434022257552 0.268680445151 0.232114467409 0.0651828298887
112 0.421303656598 0.262321144674 0.240063593005 0.0763116057234
113 0.441971383148 0.243243243243 0.240063593005 0.0747217806041
114 0.422893481717 0.267090620032 0.225755166932 0.0842607313196
115 0.403815580286 0.302066772655 0.248012718601 0.0461049284579
116 0.410174880763 0.316375198728 0.227344992051 0.0461049284579
117 0.411764705882 0.282988871224 0.238473767886 0.0667726550079
118 0.434022257552 0.31160572337 0.213036565978 0.0413354531002
119 0.427662957075 0.351351351351 0.174880763116 0.0461049284579
120 0.43720190779 0.332273449921 0.197138314785 0.033386327504
121 0.41653418124 0.360890302067 0.181240063593 0.0413354531002
122 0.434022257552 0.365659777424 0.155802861685 0.0445151033386
123 0.435612082671 0.33386327504 0.186009538951 0.0445151033386
124 0.456279809221 0.325914149444 0.173290937997 0.0445151033386
125 0.387917329094 0.410174880763 0.165341812401 0.0365659777424
126 0.399046104928 0.429252782194 0.147853736089 0.0238473767886
127 0.410174880763 0.381558028617 0.181240063593 0.027027027027
128 0.373608903021 0.418124006359 0.176470588235 0.0317965023847
129 0.406995230525 0.419713831479 0.147853736089 0.0254372019078
130 0.427662957075 0.397456279809 0.136724960254 0.0381558028617
131 0.389507154213 0.403815580286 0.165341812401 0.0413354531002
132 0.443561208267 0.394276629571 0.147853736089 0.0143084260731
133 0.394276629571 0.446740858506 0.141494435612 0.0174880763116
134 0.446740858506 0.391096979332 0.143084260731 0.0190779014308
135 0.389507154213 0.43720190779 0.152623211447 0.0206677265501
136 0.422893481717 0.435612082671 0.117647058824 0.0238473767886
137 0.453100158983 0.421303656598 0.0985691573927 0.027027027027
138 0.435612082671 0.435612082671 0.10492845787 0.0238473767886
139 0.414944356121 0.449920508744 0.114467408585 0.0206677265501
140 0.402225755167 0.462639109698 0.120826709062 0.0143084260731
141 0.418124006359 0.410174880763 0.138314785374 0.033386327504
142 0.440381558029 0.445151033386 0.0985691573927 0.0158982511924
143 0.430842607313 0.453100158983 0.093799682035 0.0222575516693
144 0.41653418124 0.470588235294 0.0763116057234 0.0365659777424
145 0.373608903021 0.454689984102 0.122416534181 0.0492845786963
146 0.373608903021 0.473767885533 0.10333863275 0.0492845786963
147 0.459459459459 0.41653418124 0.0794912559618 0.0445151033386
148 0.410174880763 0.48012718601 0.0779014308426 0.0317965023847
149 0.405405405405 0.476947535771 0.0620031796502 0.0556438791733
150 0.35453100159 0.502384737679 0.0890302066773 0.0540540540541
151 0.406995230525 0.491255961844 0.0572337042925 0.0445151033386
152 0.383147853736 0.524642289348 0.0492845786963 0.0429252782194
153 0.373608903021 0.496025437202 0.0667726550079 0.0635930047695
154 0.400635930048 0.515103338633 0.0476947535771 0.0365659777424
155 0.365659777424 0.523052464229 0.0620031796502 0.0492845786963
156 0.343402225755 0.546899841017 0.0620031796502 0.0476947535771
157 0.357710651828 0.569157392687 0.0429252782194 0.0302066772655
158 0.341812400636 0.554848966614 0.0461049284579 0.0572337042925
159 0.360890302067 0.561208267091 0.0365659777424 0.0413354531002
